======== PARA O TABULEIRO 3x3, COM 5 CORES =========

Tempo gasto: 0.06 segundos
Quantidade de soluções encontradas: 960

Soluções:

Solução 1:
0 1 0
2 3 2
0 1 0

Solução 2:
0 1 0
2 3 2
0 4 0

Solução 3:
0 1 0
2 3 2
1 0 1

Solução 4:
0 1 0
2 3 2
1 4 1

Solução 5:
0 1 0
2 3 2
4 0 4

Solução 6:
0 1 0
2 3 2
4 1 4

Solução 7:
0 1 0
2 3 4
0 1 0

Solução 8:
0 1 0
2 3 4
1 0 1

Solução 9:
0 1 0
2 4 2
0 1 0

Solução 10:
0 1 0
2 4 2
0 3 0

Solução 11:
0 1 0
2 4 2
1 0 1

Solução 12:
0 1 0
2 4 2
1 3 1

Solução 13:
0 1 0
2 4 2
3 0 3

Solução 14:
0 1 0
2 4 2
3 1 3

Solução 15:
0 1 0
2 4 3
0 1 0

Solução 16:
0 1 0
2 4 3
1 0 1

Solução 17:
0 1 0
3 2 3
0 1 0

Solução 18:
0 1 0
3 2 3
0 4 0

Solução 19:
0 1 0
3 2 3
1 0 1

Solução 20:
0 1 0
3 2 3
1 4 1

Solução 21:
0 1 0
3 2 3
4 0 4

Solução 22:
0 1 0
3 2 3
4 1 4

Solução 23:
0 1 0
3 2 4
0 1 0

Solução 24:
0 1 0
3 2 4
1 0 1

Solução 25:
0 1 0
3 4 2
0 1 0

Solução 26:
0 1 0
3 4 2
1 0 1

Solução 27:
0 1 0
3 4 3
0 1 0

Solução 28:
0 1 0
3 4 3
0 2 0

Solução 29:
0 1 0
3 4 3
1 0 1

Solução 30:
0 1 0
3 4 3
1 2 1

Solução 31:
0 1 0
3 4 3
2 0 2

Solução 32:
0 1 0
3 4 3
2 1 2

Solução 33:
0 1 0
4 2 3
0 1 0

Solução 34:
0 1 0
4 2 3
1 0 1

Solução 35:
0 1 0
4 2 4
0 1 0

Solução 36:
0 1 0
4 2 4
0 3 0

Solução 37:
0 1 0
4 2 4
1 0 1

Solução 38:
0 1 0
4 2 4
1 3 1

Solução 39:
0 1 0
4 2 4
3 0 3

Solução 40:
0 1 0
4 2 4
3 1 3

Solução 41:
0 1 0
4 3 2
0 1 0

Solução 42:
0 1 0
4 3 2
1 0 1

Solução 43:
0 1 0
4 3 4
0 1 0

Solução 44:
0 1 0
4 3 4
0 2 0

Solução 45:
0 1 0
4 3 4
1 0 1

Solução 46:
0 1 0
4 3 4
1 2 1

Solução 47:
0 1 0
4 3 4
2 0 2

Solução 48:
0 1 0
4 3 4
2 1 2

Solução 49:
0 2 0
1 3 1
0 2 0

Solução 50:
0 2 0
1 3 1
0 4 0

Solução 51:
0 2 0
1 3 1
2 0 2

Solução 52:
0 2 0
1 3 1
2 4 2

Solução 53:
0 2 0
1 3 1
4 0 4

Solução 54:
0 2 0
1 3 1
4 2 4

Solução 55:
0 2 0
1 3 4
0 2 0

Solução 56:
0 2 0
1 3 4
2 0 2

Solução 57:
0 2 0
1 4 1
0 2 0

Solução 58:
0 2 0
1 4 1
0 3 0

Solução 59:
0 2 0
1 4 1
2 0 2

Solução 60:
0 2 0
1 4 1
2 3 2

Solução 61:
0 2 0
1 4 1
3 0 3

Solução 62:
0 2 0
1 4 1
3 2 3

Solução 63:
0 2 0
1 4 3
0 2 0

Solução 64:
0 2 0
1 4 3
2 0 2

Solução 65:
0 2 0
3 1 3
0 2 0

Solução 66:
0 2 0
3 1 3
0 4 0

Solução 67:
0 2 0
3 1 3
2 0 2

Solução 68:
0 2 0
3 1 3
2 4 2

Solução 69:
0 2 0
3 1 3
4 0 4

Solução 70:
0 2 0
3 1 3
4 2 4

Solução 71:
0 2 0
3 1 4
0 2 0

Solução 72:
0 2 0
3 1 4
2 0 2

Solução 73:
0 2 0
3 4 1
0 2 0

Solução 74:
0 2 0
3 4 1
2 0 2

Solução 75:
0 2 0
3 4 3
0 1 0

Solução 76:
0 2 0
3 4 3
0 2 0

Solução 77:
0 2 0
3 4 3
1 0 1

Solução 78:
0 2 0
3 4 3
1 2 1

Solução 79:
0 2 0
3 4 3
2 0 2

Solução 80:
0 2 0
3 4 3
2 1 2

Solução 81:
0 2 0
4 1 3
0 2 0

Solução 82:
0 2 0
4 1 3
2 0 2

Solução 83:
0 2 0
4 1 4
0 2 0

Solução 84:
0 2 0
4 1 4
0 3 0

Solução 85:
0 2 0
4 1 4
2 0 2

Solução 86:
0 2 0
4 1 4
2 3 2

Solução 87:
0 2 0
4 1 4
3 0 3

Solução 88:
0 2 0
4 1 4
3 2 3

Solução 89:
0 2 0
4 3 1
0 2 0

Solução 90:
0 2 0
4 3 1
2 0 2

Solução 91:
0 2 0
4 3 4
0 1 0

Solução 92:
0 2 0
4 3 4
0 2 0

Solução 93:
0 2 0
4 3 4
1 0 1

Solução 94:
0 2 0
4 3 4
1 2 1

Solução 95:
0 2 0
4 3 4
2 0 2

Solução 96:
0 2 0
4 3 4
2 1 2

Solução 97:
0 3 0
1 2 1
0 3 0

Solução 98:
0 3 0
1 2 1
0 4 0

Solução 99:
0 3 0
1 2 1
3 0 3

Solução 100:
0 3 0
1 2 1
3 4 3

Solução 101:
0 3 0
1 2 1
4 0 4

Solução 102:
0 3 0
1 2 1
4 3 4

Solução 103:
0 3 0
1 2 4
0 3 0

Solução 104:
0 3 0
1 2 4
3 0 3

Solução 105:
0 3 0
1 4 1
0 2 0

Solução 106:
0 3 0
1 4 1
0 3 0

Solução 107:
0 3 0
1 4 1
2 0 2

Solução 108:
0 3 0
1 4 1
2 3 2

Solução 109:
0 3 0
1 4 1
3 0 3

Solução 110:
0 3 0
1 4 1
3 2 3

Solução 111:
0 3 0
1 4 2
0 3 0

Solução 112:
0 3 0
1 4 2
3 0 3

Solução 113:
0 3 0
2 1 2
0 3 0

Solução 114:
0 3 0
2 1 2
0 4 0

Solução 115:
0 3 0
2 1 2
3 0 3

Solução 116:
0 3 0
2 1 2
3 4 3

Solução 117:
0 3 0
2 1 2
4 0 4

Solução 118:
0 3 0
2 1 2
4 3 4

Solução 119:
0 3 0
2 1 4
0 3 0

Solução 120:
0 3 0
2 1 4
3 0 3

Solução 121:
0 3 0
2 4 1
0 3 0

Solução 122:
0 3 0
2 4 1
3 0 3

Solução 123:
0 3 0
2 4 2
0 1 0

Solução 124:
0 3 0
2 4 2
0 3 0

Solução 125:
0 3 0
2 4 2
1 0 1

Solução 126:
0 3 0
2 4 2
1 3 1

Solução 127:
0 3 0
2 4 2
3 0 3

Solução 128:
0 3 0
2 4 2
3 1 3

Solução 129:
0 3 0
4 1 2
0 3 0

Solução 130:
0 3 0
4 1 2
3 0 3

Solução 131:
0 3 0
4 1 4
0 2 0

Solução 132:
0 3 0
4 1 4
0 3 0

Solução 133:
0 3 0
4 1 4
2 0 2

Solução 134:
0 3 0
4 1 4
2 3 2

Solução 135:
0 3 0
4 1 4
3 0 3

Solução 136:
0 3 0
4 1 4
3 2 3

Solução 137:
0 3 0
4 2 1
0 3 0

Solução 138:
0 3 0
4 2 1
3 0 3

Solução 139:
0 3 0
4 2 4
0 1 0

Solução 140:
0 3 0
4 2 4
0 3 0

Solução 141:
0 3 0
4 2 4
1 0 1

Solução 142:
0 3 0
4 2 4
1 3 1

Solução 143:
0 3 0
4 2 4
3 0 3

Solução 144:
0 3 0
4 2 4
3 1 3

Solução 145:
0 4 0
1 2 1
0 3 0

Solução 146:
0 4 0
1 2 1
0 4 0

Solução 147:
0 4 0
1 2 1
3 0 3

Solução 148:
0 4 0
1 2 1
3 4 3

Solução 149:
0 4 0
1 2 1
4 0 4

Solução 150:
0 4 0
1 2 1
4 3 4

Solução 151:
0 4 0
1 2 3
0 4 0

Solução 152:
0 4 0
1 2 3
4 0 4

Solução 153:
0 4 0
1 3 1
0 2 0

Solução 154:
0 4 0
1 3 1
0 4 0

Solução 155:
0 4 0
1 3 1
2 0 2

Solução 156:
0 4 0
1 3 1
2 4 2

Solução 157:
0 4 0
1 3 1
4 0 4

Solução 158:
0 4 0
1 3 1
4 2 4

Solução 159:
0 4 0
1 3 2
0 4 0

Solução 160:
0 4 0
1 3 2
4 0 4

Solução 161:
0 4 0
2 1 2
0 3 0

Solução 162:
0 4 0
2 1 2
0 4 0

Solução 163:
0 4 0
2 1 2
3 0 3

Solução 164:
0 4 0
2 1 2
3 4 3

Solução 165:
0 4 0
2 1 2
4 0 4

Solução 166:
0 4 0
2 1 2
4 3 4

Solução 167:
0 4 0
2 1 3
0 4 0

Solução 168:
0 4 0
2 1 3
4 0 4

Solução 169:
0 4 0
2 3 1
0 4 0

Solução 170:
0 4 0
2 3 1
4 0 4

Solução 171:
0 4 0
2 3 2
0 1 0

Solução 172:
0 4 0
2 3 2
0 4 0

Solução 173:
0 4 0
2 3 2
1 0 1

Solução 174:
0 4 0
2 3 2
1 4 1

Solução 175:
0 4 0
2 3 2
4 0 4

Solução 176:
0 4 0
2 3 2
4 1 4

Solução 177:
0 4 0
3 1 2
0 4 0

Solução 178:
0 4 0
3 1 2
4 0 4

Solução 179:
0 4 0
3 1 3
0 2 0

Solução 180:
0 4 0
3 1 3
0 4 0

Solução 181:
0 4 0
3 1 3
2 0 2

Solução 182:
0 4 0
3 1 3
2 4 2

Solução 183:
0 4 0
3 1 3
4 0 4

Solução 184:
0 4 0
3 1 3
4 2 4

Solução 185:
0 4 0
3 2 1
0 4 0

Solução 186:
0 4 0
3 2 1
4 0 4

Solução 187:
0 4 0
3 2 3
0 1 0

Solução 188:
0 4 0
3 2 3
0 4 0

Solução 189:
0 4 0
3 2 3
1 0 1

Solução 190:
0 4 0
3 2 3
1 4 1

Solução 191:
0 4 0
3 2 3
4 0 4

Solução 192:
0 4 0
3 2 3
4 1 4

Solução 193:
1 0 1
2 3 2
0 1 0

Solução 194:
1 0 1
2 3 2
0 4 0

Solução 195:
1 0 1
2 3 2
1 0 1

Solução 196:
1 0 1
2 3 2
1 4 1

Solução 197:
1 0 1
2 3 2
4 0 4

Solução 198:
1 0 1
2 3 2
4 1 4

Solução 199:
1 0 1
2 3 4
0 1 0

Solução 200:
1 0 1
2 3 4
1 0 1

Solução 201:
1 0 1
2 4 2
0 1 0

Solução 202:
1 0 1
2 4 2
0 3 0

Solução 203:
1 0 1
2 4 2
1 0 1

Solução 204:
1 0 1
2 4 2
1 3 1

Solução 205:
1 0 1
2 4 2
3 0 3

Solução 206:
1 0 1
2 4 2
3 1 3

Solução 207:
1 0 1
2 4 3
0 1 0

Solução 208:
1 0 1
2 4 3
1 0 1

Solução 209:
1 0 1
3 2 3
0 1 0

Solução 210:
1 0 1
3 2 3
0 4 0

Solução 211:
1 0 1
3 2 3
1 0 1

Solução 212:
1 0 1
3 2 3
1 4 1

Solução 213:
1 0 1
3 2 3
4 0 4

Solução 214:
1 0 1
3 2 3
4 1 4

Solução 215:
1 0 1
3 2 4
0 1 0

Solução 216:
1 0 1
3 2 4
1 0 1

Solução 217:
1 0 1
3 4 2
0 1 0

Solução 218:
1 0 1
3 4 2
1 0 1

Solução 219:
1 0 1
3 4 3
0 1 0

Solução 220:
1 0 1
3 4 3
0 2 0

Solução 221:
1 0 1
3 4 3
1 0 1

Solução 222:
1 0 1
3 4 3
1 2 1

Solução 223:
1 0 1
3 4 3
2 0 2

Solução 224:
1 0 1
3 4 3
2 1 2

Solução 225:
1 0 1
4 2 3
0 1 0

Solução 226:
1 0 1
4 2 3
1 0 1

Solução 227:
1 0 1
4 2 4
0 1 0

Solução 228:
1 0 1
4 2 4
0 3 0

Solução 229:
1 0 1
4 2 4
1 0 1

Solução 230:
1 0 1
4 2 4
1 3 1

Solução 231:
1 0 1
4 2 4
3 0 3

Solução 232:
1 0 1
4 2 4
3 1 3

Solução 233:
1 0 1
4 3 2
0 1 0

Solução 234:
1 0 1
4 3 2
1 0 1

Solução 235:
1 0 1
4 3 4
0 1 0

Solução 236:
1 0 1
4 3 4
0 2 0

Solução 237:
1 0 1
4 3 4
1 0 1

Solução 238:
1 0 1
4 3 4
1 2 1

Solução 239:
1 0 1
4 3 4
2 0 2

Solução 240:
1 0 1
4 3 4
2 1 2

Solução 241:
1 2 1
0 3 0
1 2 1

Solução 242:
1 2 1
0 3 0
1 4 1

Solução 243:
1 2 1
0 3 0
2 1 2

Solução 244:
1 2 1
0 3 0
2 4 2

Solução 245:
1 2 1
0 3 0
4 1 4

Solução 246:
1 2 1
0 3 0
4 2 4

Solução 247:
1 2 1
0 3 4
1 2 1

Solução 248:
1 2 1
0 3 4
2 1 2

Solução 249:
1 2 1
0 4 0
1 2 1

Solução 250:
1 2 1
0 4 0
1 3 1

Solução 251:
1 2 1
0 4 0
2 1 2

Solução 252:
1 2 1
0 4 0
2 3 2

Solução 253:
1 2 1
0 4 0
3 1 3

Solução 254:
1 2 1
0 4 0
3 2 3

Solução 255:
1 2 1
0 4 3
1 2 1

Solução 256:
1 2 1
0 4 3
2 1 2

Solução 257:
1 2 1
3 0 3
1 2 1

Solução 258:
1 2 1
3 0 3
1 4 1

Solução 259:
1 2 1
3 0 3
2 1 2

Solução 260:
1 2 1
3 0 3
2 4 2

Solução 261:
1 2 1
3 0 3
4 1 4

Solução 262:
1 2 1
3 0 3
4 2 4

Solução 263:
1 2 1
3 0 4
1 2 1

Solução 264:
1 2 1
3 0 4
2 1 2

Solução 265:
1 2 1
3 4 0
1 2 1

Solução 266:
1 2 1
3 4 0
2 1 2

Solução 267:
1 2 1
3 4 3
0 1 0

Solução 268:
1 2 1
3 4 3
0 2 0

Solução 269:
1 2 1
3 4 3
1 0 1

Solução 270:
1 2 1
3 4 3
1 2 1

Solução 271:
1 2 1
3 4 3
2 0 2

Solução 272:
1 2 1
3 4 3
2 1 2

Solução 273:
1 2 1
4 0 3
1 2 1

Solução 274:
1 2 1
4 0 3
2 1 2

Solução 275:
1 2 1
4 0 4
1 2 1

Solução 276:
1 2 1
4 0 4
1 3 1

Solução 277:
1 2 1
4 0 4
2 1 2

Solução 278:
1 2 1
4 0 4
2 3 2

Solução 279:
1 2 1
4 0 4
3 1 3

Solução 280:
1 2 1
4 0 4
3 2 3

Solução 281:
1 2 1
4 3 0
1 2 1

Solução 282:
1 2 1
4 3 0
2 1 2

Solução 283:
1 2 1
4 3 4
0 1 0

Solução 284:
1 2 1
4 3 4
0 2 0

Solução 285:
1 2 1
4 3 4
1 0 1

Solução 286:
1 2 1
4 3 4
1 2 1

Solução 287:
1 2 1
4 3 4
2 0 2

Solução 288:
1 2 1
4 3 4
2 1 2

Solução 289:
1 3 1
0 2 0
1 3 1

Solução 290:
1 3 1
0 2 0
1 4 1

Solução 291:
1 3 1
0 2 0
3 1 3

Solução 292:
1 3 1
0 2 0
3 4 3

Solução 293:
1 3 1
0 2 0
4 1 4

Solução 294:
1 3 1
0 2 0
4 3 4

Solução 295:
1 3 1
0 2 4
1 3 1

Solução 296:
1 3 1
0 2 4
3 1 3

Solução 297:
1 3 1
0 4 0
1 2 1

Solução 298:
1 3 1
0 4 0
1 3 1

Solução 299:
1 3 1
0 4 0
2 1 2

Solução 300:
1 3 1
0 4 0
2 3 2

Solução 301:
1 3 1
0 4 0
3 1 3

Solução 302:
1 3 1
0 4 0
3 2 3

Solução 303:
1 3 1
0 4 2
1 3 1

Solução 304:
1 3 1
0 4 2
3 1 3

Solução 305:
1 3 1
2 0 2
1 3 1

Solução 306:
1 3 1
2 0 2
1 4 1

Solução 307:
1 3 1
2 0 2
3 1 3

Solução 308:
1 3 1
2 0 2
3 4 3

Solução 309:
1 3 1
2 0 2
4 1 4

Solução 310:
1 3 1
2 0 2
4 3 4

Solução 311:
1 3 1
2 0 4
1 3 1

Solução 312:
1 3 1
2 0 4
3 1 3

Solução 313:
1 3 1
2 4 0
1 3 1

Solução 314:
1 3 1
2 4 0
3 1 3

Solução 315:
1 3 1
2 4 2
0 1 0

Solução 316:
1 3 1
2 4 2
0 3 0

Solução 317:
1 3 1
2 4 2
1 0 1

Solução 318:
1 3 1
2 4 2
1 3 1

Solução 319:
1 3 1
2 4 2
3 0 3

Solução 320:
1 3 1
2 4 2
3 1 3

Solução 321:
1 3 1
4 0 2
1 3 1

Solução 322:
1 3 1
4 0 2
3 1 3

Solução 323:
1 3 1
4 0 4
1 2 1

Solução 324:
1 3 1
4 0 4
1 3 1

Solução 325:
1 3 1
4 0 4
2 1 2

Solução 326:
1 3 1
4 0 4
2 3 2

Solução 327:
1 3 1
4 0 4
3 1 3

Solução 328:
1 3 1
4 0 4
3 2 3

Solução 329:
1 3 1
4 2 0
1 3 1

Solução 330:
1 3 1
4 2 0
3 1 3

Solução 331:
1 3 1
4 2 4
0 1 0

Solução 332:
1 3 1
4 2 4
0 3 0

Solução 333:
1 3 1
4 2 4
1 0 1

Solução 334:
1 3 1
4 2 4
1 3 1

Solução 335:
1 3 1
4 2 4
3 0 3

Solução 336:
1 3 1
4 2 4
3 1 3

Solução 337:
1 4 1
0 2 0
1 3 1

Solução 338:
1 4 1
0 2 0
1 4 1

Solução 339:
1 4 1
0 2 0
3 1 3

Solução 340:
1 4 1
0 2 0
3 4 3

Solução 341:
1 4 1
0 2 0
4 1 4

Solução 342:
1 4 1
0 2 0
4 3 4

Solução 343:
1 4 1
0 2 3
1 4 1

Solução 344:
1 4 1
0 2 3
4 1 4

Solução 345:
1 4 1
0 3 0
1 2 1

Solução 346:
1 4 1
0 3 0
1 4 1

Solução 347:
1 4 1
0 3 0
2 1 2

Solução 348:
1 4 1
0 3 0
2 4 2

Solução 349:
1 4 1
0 3 0
4 1 4

Solução 350:
1 4 1
0 3 0
4 2 4

Solução 351:
1 4 1
0 3 2
1 4 1

Solução 352:
1 4 1
0 3 2
4 1 4

Solução 353:
1 4 1
2 0 2
1 3 1

Solução 354:
1 4 1
2 0 2
1 4 1

Solução 355:
1 4 1
2 0 2
3 1 3

Solução 356:
1 4 1
2 0 2
3 4 3

Solução 357:
1 4 1
2 0 2
4 1 4

Solução 358:
1 4 1
2 0 2
4 3 4

Solução 359:
1 4 1
2 0 3
1 4 1

Solução 360:
1 4 1
2 0 3
4 1 4

Solução 361:
1 4 1
2 3 0
1 4 1

Solução 362:
1 4 1
2 3 0
4 1 4

Solução 363:
1 4 1
2 3 2
0 1 0

Solução 364:
1 4 1
2 3 2
0 4 0

Solução 365:
1 4 1
2 3 2
1 0 1

Solução 366:
1 4 1
2 3 2
1 4 1

Solução 367:
1 4 1
2 3 2
4 0 4

Solução 368:
1 4 1
2 3 2
4 1 4

Solução 369:
1 4 1
3 0 2
1 4 1

Solução 370:
1 4 1
3 0 2
4 1 4

Solução 371:
1 4 1
3 0 3
1 2 1

Solução 372:
1 4 1
3 0 3
1 4 1

Solução 373:
1 4 1
3 0 3
2 1 2

Solução 374:
1 4 1
3 0 3
2 4 2

Solução 375:
1 4 1
3 0 3
4 1 4

Solução 376:
1 4 1
3 0 3
4 2 4

Solução 377:
1 4 1
3 2 0
1 4 1

Solução 378:
1 4 1
3 2 0
4 1 4

Solução 379:
1 4 1
3 2 3
0 1 0

Solução 380:
1 4 1
3 2 3
0 4 0

Solução 381:
1 4 1
3 2 3
1 0 1

Solução 382:
1 4 1
3 2 3
1 4 1

Solução 383:
1 4 1
3 2 3
4 0 4

Solução 384:
1 4 1
3 2 3
4 1 4

Solução 385:
2 0 2
1 3 1
0 2 0

Solução 386:
2 0 2
1 3 1
0 4 0

Solução 387:
2 0 2
1 3 1
2 0 2

Solução 388:
2 0 2
1 3 1
2 4 2

Solução 389:
2 0 2
1 3 1
4 0 4

Solução 390:
2 0 2
1 3 1
4 2 4

Solução 391:
2 0 2
1 3 4
0 2 0

Solução 392:
2 0 2
1 3 4
2 0 2

Solução 393:
2 0 2
1 4 1
0 2 0

Solução 394:
2 0 2
1 4 1
0 3 0

Solução 395:
2 0 2
1 4 1
2 0 2

Solução 396:
2 0 2
1 4 1
2 3 2

Solução 397:
2 0 2
1 4 1
3 0 3

Solução 398:
2 0 2
1 4 1
3 2 3

Solução 399:
2 0 2
1 4 3
0 2 0

Solução 400:
2 0 2
1 4 3
2 0 2

Solução 401:
2 0 2
3 1 3
0 2 0

Solução 402:
2 0 2
3 1 3
0 4 0

Solução 403:
2 0 2
3 1 3
2 0 2

Solução 404:
2 0 2
3 1 3
2 4 2

Solução 405:
2 0 2
3 1 3
4 0 4

Solução 406:
2 0 2
3 1 3
4 2 4

Solução 407:
2 0 2
3 1 4
0 2 0

Solução 408:
2 0 2
3 1 4
2 0 2

Solução 409:
2 0 2
3 4 1
0 2 0

Solução 410:
2 0 2
3 4 1
2 0 2

Solução 411:
2 0 2
3 4 3
0 1 0

Solução 412:
2 0 2
3 4 3
0 2 0

Solução 413:
2 0 2
3 4 3
1 0 1

Solução 414:
2 0 2
3 4 3
1 2 1

Solução 415:
2 0 2
3 4 3
2 0 2

Solução 416:
2 0 2
3 4 3
2 1 2

Solução 417:
2 0 2
4 1 3
0 2 0

Solução 418:
2 0 2
4 1 3
2 0 2

Solução 419:
2 0 2
4 1 4
0 2 0

Solução 420:
2 0 2
4 1 4
0 3 0

Solução 421:
2 0 2
4 1 4
2 0 2

Solução 422:
2 0 2
4 1 4
2 3 2

Solução 423:
2 0 2
4 1 4
3 0 3

Solução 424:
2 0 2
4 1 4
3 2 3

Solução 425:
2 0 2
4 3 1
0 2 0

Solução 426:
2 0 2
4 3 1
2 0 2

Solução 427:
2 0 2
4 3 4
0 1 0

Solução 428:
2 0 2
4 3 4
0 2 0

Solução 429:
2 0 2
4 3 4
1 0 1

Solução 430:
2 0 2
4 3 4
1 2 1

Solução 431:
2 0 2
4 3 4
2 0 2

Solução 432:
2 0 2
4 3 4
2 1 2

Solução 433:
2 1 2
0 3 0
1 2 1

Solução 434:
2 1 2
0 3 0
1 4 1

Solução 435:
2 1 2
0 3 0
2 1 2

Solução 436:
2 1 2
0 3 0
2 4 2

Solução 437:
2 1 2
0 3 0
4 1 4

Solução 438:
2 1 2
0 3 0
4 2 4

Solução 439:
2 1 2
0 3 4
1 2 1

Solução 440:
2 1 2
0 3 4
2 1 2

Solução 441:
2 1 2
0 4 0
1 2 1

Solução 442:
2 1 2
0 4 0
1 3 1

Solução 443:
2 1 2
0 4 0
2 1 2

Solução 444:
2 1 2
0 4 0
2 3 2

Solução 445:
2 1 2
0 4 0
3 1 3

Solução 446:
2 1 2
0 4 0
3 2 3

Solução 447:
2 1 2
0 4 3
1 2 1

Solução 448:
2 1 2
0 4 3
2 1 2

Solução 449:
2 1 2
3 0 3
1 2 1

Solução 450:
2 1 2
3 0 3
1 4 1

Solução 451:
2 1 2
3 0 3
2 1 2

Solução 452:
2 1 2
3 0 3
2 4 2

Solução 453:
2 1 2
3 0 3
4 1 4

Solução 454:
2 1 2
3 0 3
4 2 4

Solução 455:
2 1 2
3 0 4
1 2 1

Solução 456:
2 1 2
3 0 4
2 1 2

Solução 457:
2 1 2
3 4 0
1 2 1

Solução 458:
2 1 2
3 4 0
2 1 2

Solução 459:
2 1 2
3 4 3
0 1 0

Solução 460:
2 1 2
3 4 3
0 2 0

Solução 461:
2 1 2
3 4 3
1 0 1

Solução 462:
2 1 2
3 4 3
1 2 1

Solução 463:
2 1 2
3 4 3
2 0 2

Solução 464:
2 1 2
3 4 3
2 1 2

Solução 465:
2 1 2
4 0 3
1 2 1

Solução 466:
2 1 2
4 0 3
2 1 2

Solução 467:
2 1 2
4 0 4
1 2 1

Solução 468:
2 1 2
4 0 4
1 3 1

Solução 469:
2 1 2
4 0 4
2 1 2

Solução 470:
2 1 2
4 0 4
2 3 2

Solução 471:
2 1 2
4 0 4
3 1 3

Solução 472:
2 1 2
4 0 4
3 2 3

Solução 473:
2 1 2
4 3 0
1 2 1

Solução 474:
2 1 2
4 3 0
2 1 2

Solução 475:
2 1 2
4 3 4
0 1 0

Solução 476:
2 1 2
4 3 4
0 2 0

Solução 477:
2 1 2
4 3 4
1 0 1

Solução 478:
2 1 2
4 3 4
1 2 1

Solução 479:
2 1 2
4 3 4
2 0 2

Solução 480:
2 1 2
4 3 4
2 1 2

Solução 481:
2 3 2
0 1 0
2 3 2

Solução 482:
2 3 2
0 1 0
2 4 2

Solução 483:
2 3 2
0 1 0
3 2 3

Solução 484:
2 3 2
0 1 0
3 4 3

Solução 485:
2 3 2
0 1 0
4 2 4

Solução 486:
2 3 2
0 1 0
4 3 4

Solução 487:
2 3 2
0 1 4
2 3 2

Solução 488:
2 3 2
0 1 4
3 2 3

Solução 489:
2 3 2
0 4 0
1 2 1

Solução 490:
2 3 2
0 4 0
1 3 1

Solução 491:
2 3 2
0 4 0
2 1 2

Solução 492:
2 3 2
0 4 0
2 3 2

Solução 493:
2 3 2
0 4 0
3 1 3

Solução 494:
2 3 2
0 4 0
3 2 3

Solução 495:
2 3 2
0 4 1
2 3 2

Solução 496:
2 3 2
0 4 1
3 2 3

Solução 497:
2 3 2
1 0 1
2 3 2

Solução 498:
2 3 2
1 0 1
2 4 2

Solução 499:
2 3 2
1 0 1
3 2 3

Solução 500:
2 3 2
1 0 1
3 4 3

Solução 501:
2 3 2
1 0 1
4 2 4

Solução 502:
2 3 2
1 0 1
4 3 4

Solução 503:
2 3 2
1 0 4
2 3 2

Solução 504:
2 3 2
1 0 4
3 2 3

Solução 505:
2 3 2
1 4 0
2 3 2

Solução 506:
2 3 2
1 4 0
3 2 3

Solução 507:
2 3 2
1 4 1
0 2 0

Solução 508:
2 3 2
1 4 1
0 3 0

Solução 509:
2 3 2
1 4 1
2 0 2

Solução 510:
2 3 2
1 4 1
2 3 2

Solução 511:
2 3 2
1 4 1
3 0 3

Solução 512:
2 3 2
1 4 1
3 2 3

Solução 513:
2 3 2
4 0 1
2 3 2

Solução 514:
2 3 2
4 0 1
3 2 3

Solução 515:
2 3 2
4 0 4
1 2 1

Solução 516:
2 3 2
4 0 4
1 3 1

Solução 517:
2 3 2
4 0 4
2 1 2

Solução 518:
2 3 2
4 0 4
2 3 2

Solução 519:
2 3 2
4 0 4
3 1 3

Solução 520:
2 3 2
4 0 4
3 2 3

Solução 521:
2 3 2
4 1 0
2 3 2

Solução 522:
2 3 2
4 1 0
3 2 3

Solução 523:
2 3 2
4 1 4
0 2 0

Solução 524:
2 3 2
4 1 4
0 3 0

Solução 525:
2 3 2
4 1 4
2 0 2

Solução 526:
2 3 2
4 1 4
2 3 2

Solução 527:
2 3 2
4 1 4
3 0 3

Solução 528:
2 3 2
4 1 4
3 2 3

Solução 529:
2 4 2
0 1 0
2 3 2

Solução 530:
2 4 2
0 1 0
2 4 2

Solução 531:
2 4 2
0 1 0
3 2 3

Solução 532:
2 4 2
0 1 0
3 4 3

Solução 533:
2 4 2
0 1 0
4 2 4

Solução 534:
2 4 2
0 1 0
4 3 4

Solução 535:
2 4 2
0 1 3
2 4 2

Solução 536:
2 4 2
0 1 3
4 2 4

Solução 537:
2 4 2
0 3 0
1 2 1

Solução 538:
2 4 2
0 3 0
1 4 1

Solução 539:
2 4 2
0 3 0
2 1 2

Solução 540:
2 4 2
0 3 0
2 4 2

Solução 541:
2 4 2
0 3 0
4 1 4

Solução 542:
2 4 2
0 3 0
4 2 4

Solução 543:
2 4 2
0 3 1
2 4 2

Solução 544:
2 4 2
0 3 1
4 2 4

Solução 545:
2 4 2
1 0 1
2 3 2

Solução 546:
2 4 2
1 0 1
2 4 2

Solução 547:
2 4 2
1 0 1
3 2 3

Solução 548:
2 4 2
1 0 1
3 4 3

Solução 549:
2 4 2
1 0 1
4 2 4

Solução 550:
2 4 2
1 0 1
4 3 4

Solução 551:
2 4 2
1 0 3
2 4 2

Solução 552:
2 4 2
1 0 3
4 2 4

Solução 553:
2 4 2
1 3 0
2 4 2

Solução 554:
2 4 2
1 3 0
4 2 4

Solução 555:
2 4 2
1 3 1
0 2 0

Solução 556:
2 4 2
1 3 1
0 4 0

Solução 557:
2 4 2
1 3 1
2 0 2

Solução 558:
2 4 2
1 3 1
2 4 2

Solução 559:
2 4 2
1 3 1
4 0 4

Solução 560:
2 4 2
1 3 1
4 2 4

Solução 561:
2 4 2
3 0 1
2 4 2

Solução 562:
2 4 2
3 0 1
4 2 4

Solução 563:
2 4 2
3 0 3
1 2 1

Solução 564:
2 4 2
3 0 3
1 4 1

Solução 565:
2 4 2
3 0 3
2 1 2

Solução 566:
2 4 2
3 0 3
2 4 2

Solução 567:
2 4 2
3 0 3
4 1 4

Solução 568:
2 4 2
3 0 3
4 2 4

Solução 569:
2 4 2
3 1 0
2 4 2

Solução 570:
2 4 2
3 1 0
4 2 4

Solução 571:
2 4 2
3 1 3
0 2 0

Solução 572:
2 4 2
3 1 3
0 4 0

Solução 573:
2 4 2
3 1 3
2 0 2

Solução 574:
2 4 2
3 1 3
2 4 2

Solução 575:
2 4 2
3 1 3
4 0 4

Solução 576:
2 4 2
3 1 3
4 2 4

Solução 577:
3 0 3
1 2 1
0 3 0

Solução 578:
3 0 3
1 2 1
0 4 0

Solução 579:
3 0 3
1 2 1
3 0 3

Solução 580:
3 0 3
1 2 1
3 4 3

Solução 581:
3 0 3
1 2 1
4 0 4

Solução 582:
3 0 3
1 2 1
4 3 4

Solução 583:
3 0 3
1 2 4
0 3 0

Solução 584:
3 0 3
1 2 4
3 0 3

Solução 585:
3 0 3
1 4 1
0 2 0

Solução 586:
3 0 3
1 4 1
0 3 0

Solução 587:
3 0 3
1 4 1
2 0 2

Solução 588:
3 0 3
1 4 1
2 3 2

Solução 589:
3 0 3
1 4 1
3 0 3

Solução 590:
3 0 3
1 4 1
3 2 3

Solução 591:
3 0 3
1 4 2
0 3 0

Solução 592:
3 0 3
1 4 2
3 0 3

Solução 593:
3 0 3
2 1 2
0 3 0

Solução 594:
3 0 3
2 1 2
0 4 0

Solução 595:
3 0 3
2 1 2
3 0 3

Solução 596:
3 0 3
2 1 2
3 4 3

Solução 597:
3 0 3
2 1 2
4 0 4

Solução 598:
3 0 3
2 1 2
4 3 4

Solução 599:
3 0 3
2 1 4
0 3 0

Solução 600:
3 0 3
2 1 4
3 0 3

Solução 601:
3 0 3
2 4 1
0 3 0

Solução 602:
3 0 3
2 4 1
3 0 3

Solução 603:
3 0 3
2 4 2
0 1 0

Solução 604:
3 0 3
2 4 2
0 3 0

Solução 605:
3 0 3
2 4 2
1 0 1

Solução 606:
3 0 3
2 4 2
1 3 1

Solução 607:
3 0 3
2 4 2
3 0 3

Solução 608:
3 0 3
2 4 2
3 1 3

Solução 609:
3 0 3
4 1 2
0 3 0

Solução 610:
3 0 3
4 1 2
3 0 3

Solução 611:
3 0 3
4 1 4
0 2 0

Solução 612:
3 0 3
4 1 4
0 3 0

Solução 613:
3 0 3
4 1 4
2 0 2

Solução 614:
3 0 3
4 1 4
2 3 2

Solução 615:
3 0 3
4 1 4
3 0 3

Solução 616:
3 0 3
4 1 4
3 2 3

Solução 617:
3 0 3
4 2 1
0 3 0

Solução 618:
3 0 3
4 2 1
3 0 3

Solução 619:
3 0 3
4 2 4
0 1 0

Solução 620:
3 0 3
4 2 4
0 3 0

Solução 621:
3 0 3
4 2 4
1 0 1

Solução 622:
3 0 3
4 2 4
1 3 1

Solução 623:
3 0 3
4 2 4
3 0 3

Solução 624:
3 0 3
4 2 4
3 1 3

Solução 625:
3 1 3
0 2 0
1 3 1

Solução 626:
3 1 3
0 2 0
1 4 1

Solução 627:
3 1 3
0 2 0
3 1 3

Solução 628:
3 1 3
0 2 0
3 4 3

Solução 629:
3 1 3
0 2 0
4 1 4

Solução 630:
3 1 3
0 2 0
4 3 4

Solução 631:
3 1 3
0 2 4
1 3 1

Solução 632:
3 1 3
0 2 4
3 1 3

Solução 633:
3 1 3
0 4 0
1 2 1

Solução 634:
3 1 3
0 4 0
1 3 1

Solução 635:
3 1 3
0 4 0
2 1 2

Solução 636:
3 1 3
0 4 0
2 3 2

Solução 637:
3 1 3
0 4 0
3 1 3

Solução 638:
3 1 3
0 4 0
3 2 3

Solução 639:
3 1 3
0 4 2
1 3 1

Solução 640:
3 1 3
0 4 2
3 1 3

Solução 641:
3 1 3
2 0 2
1 3 1

Solução 642:
3 1 3
2 0 2
1 4 1

Solução 643:
3 1 3
2 0 2
3 1 3

Solução 644:
3 1 3
2 0 2
3 4 3

Solução 645:
3 1 3
2 0 2
4 1 4

Solução 646:
3 1 3
2 0 2
4 3 4

Solução 647:
3 1 3
2 0 4
1 3 1

Solução 648:
3 1 3
2 0 4
3 1 3

Solução 649:
3 1 3
2 4 0
1 3 1

Solução 650:
3 1 3
2 4 0
3 1 3

Solução 651:
3 1 3
2 4 2
0 1 0

Solução 652:
3 1 3
2 4 2
0 3 0

Solução 653:
3 1 3
2 4 2
1 0 1

Solução 654:
3 1 3
2 4 2
1 3 1

Solução 655:
3 1 3
2 4 2
3 0 3

Solução 656:
3 1 3
2 4 2
3 1 3

Solução 657:
3 1 3
4 0 2
1 3 1

Solução 658:
3 1 3
4 0 2
3 1 3

Solução 659:
3 1 3
4 0 4
1 2 1

Solução 660:
3 1 3
4 0 4
1 3 1

Solução 661:
3 1 3
4 0 4
2 1 2

Solução 662:
3 1 3
4 0 4
2 3 2

Solução 663:
3 1 3
4 0 4
3 1 3

Solução 664:
3 1 3
4 0 4
3 2 3

Solução 665:
3 1 3
4 2 0
1 3 1

Solução 666:
3 1 3
4 2 0
3 1 3

Solução 667:
3 1 3
4 2 4
0 1 0

Solução 668:
3 1 3
4 2 4
0 3 0

Solução 669:
3 1 3
4 2 4
1 0 1

Solução 670:
3 1 3
4 2 4
1 3 1

Solução 671:
3 1 3
4 2 4
3 0 3

Solução 672:
3 1 3
4 2 4
3 1 3

Solução 673:
3 2 3
0 1 0
2 3 2

Solução 674:
3 2 3
0 1 0
2 4 2

Solução 675:
3 2 3
0 1 0
3 2 3

Solução 676:
3 2 3
0 1 0
3 4 3

Solução 677:
3 2 3
0 1 0
4 2 4

Solução 678:
3 2 3
0 1 0
4 3 4

Solução 679:
3 2 3
0 1 4
2 3 2

Solução 680:
3 2 3
0 1 4
3 2 3

Solução 681:
3 2 3
0 4 0
1 2 1

Solução 682:
3 2 3
0 4 0
1 3 1

Solução 683:
3 2 3
0 4 0
2 1 2

Solução 684:
3 2 3
0 4 0
2 3 2

Solução 685:
3 2 3
0 4 0
3 1 3

Solução 686:
3 2 3
0 4 0
3 2 3

Solução 687:
3 2 3
0 4 1
2 3 2

Solução 688:
3 2 3
0 4 1
3 2 3

Solução 689:
3 2 3
1 0 1
2 3 2

Solução 690:
3 2 3
1 0 1
2 4 2

Solução 691:
3 2 3
1 0 1
3 2 3

Solução 692:
3 2 3
1 0 1
3 4 3

Solução 693:
3 2 3
1 0 1
4 2 4

Solução 694:
3 2 3
1 0 1
4 3 4

Solução 695:
3 2 3
1 0 4
2 3 2

Solução 696:
3 2 3
1 0 4
3 2 3

Solução 697:
3 2 3
1 4 0
2 3 2

Solução 698:
3 2 3
1 4 0
3 2 3

Solução 699:
3 2 3
1 4 1
0 2 0

Solução 700:
3 2 3
1 4 1
0 3 0

Solução 701:
3 2 3
1 4 1
2 0 2

Solução 702:
3 2 3
1 4 1
2 3 2

Solução 703:
3 2 3
1 4 1
3 0 3

Solução 704:
3 2 3
1 4 1
3 2 3

Solução 705:
3 2 3
4 0 1
2 3 2

Solução 706:
3 2 3
4 0 1
3 2 3

Solução 707:
3 2 3
4 0 4
1 2 1

Solução 708:
3 2 3
4 0 4
1 3 1

Solução 709:
3 2 3
4 0 4
2 1 2

Solução 710:
3 2 3
4 0 4
2 3 2

Solução 711:
3 2 3
4 0 4
3 1 3

Solução 712:
3 2 3
4 0 4
3 2 3

Solução 713:
3 2 3
4 1 0
2 3 2

Solução 714:
3 2 3
4 1 0
3 2 3

Solução 715:
3 2 3
4 1 4
0 2 0

Solução 716:
3 2 3
4 1 4
0 3 0

Solução 717:
3 2 3
4 1 4
2 0 2

Solução 718:
3 2 3
4 1 4
2 3 2

Solução 719:
3 2 3
4 1 4
3 0 3

Solução 720:
3 2 3
4 1 4
3 2 3

Solução 721:
3 4 3
0 1 0
2 3 2

Solução 722:
3 4 3
0 1 0
2 4 2

Solução 723:
3 4 3
0 1 0
3 2 3

Solução 724:
3 4 3
0 1 0
3 4 3

Solução 725:
3 4 3
0 1 0
4 2 4

Solução 726:
3 4 3
0 1 0
4 3 4

Solução 727:
3 4 3
0 1 2
3 4 3

Solução 728:
3 4 3
0 1 2
4 3 4

Solução 729:
3 4 3
0 2 0
1 3 1

Solução 730:
3 4 3
0 2 0
1 4 1

Solução 731:
3 4 3
0 2 0
3 1 3

Solução 732:
3 4 3
0 2 0
3 4 3

Solução 733:
3 4 3
0 2 0
4 1 4

Solução 734:
3 4 3
0 2 0
4 3 4

Solução 735:
3 4 3
0 2 1
3 4 3

Solução 736:
3 4 3
0 2 1
4 3 4

Solução 737:
3 4 3
1 0 1
2 3 2

Solução 738:
3 4 3
1 0 1
2 4 2

Solução 739:
3 4 3
1 0 1
3 2 3

Solução 740:
3 4 3
1 0 1
3 4 3

Solução 741:
3 4 3
1 0 1
4 2 4

Solução 742:
3 4 3
1 0 1
4 3 4

Solução 743:
3 4 3
1 0 2
3 4 3

Solução 744:
3 4 3
1 0 2
4 3 4

Solução 745:
3 4 3
1 2 0
3 4 3

Solução 746:
3 4 3
1 2 0
4 3 4

Solução 747:
3 4 3
1 2 1
0 3 0

Solução 748:
3 4 3
1 2 1
0 4 0

Solução 749:
3 4 3
1 2 1
3 0 3

Solução 750:
3 4 3
1 2 1
3 4 3

Solução 751:
3 4 3
1 2 1
4 0 4

Solução 752:
3 4 3
1 2 1
4 3 4

Solução 753:
3 4 3
2 0 1
3 4 3

Solução 754:
3 4 3
2 0 1
4 3 4

Solução 755:
3 4 3
2 0 2
1 3 1

Solução 756:
3 4 3
2 0 2
1 4 1

Solução 757:
3 4 3
2 0 2
3 1 3

Solução 758:
3 4 3
2 0 2
3 4 3

Solução 759:
3 4 3
2 0 2
4 1 4

Solução 760:
3 4 3
2 0 2
4 3 4

Solução 761:
3 4 3
2 1 0
3 4 3

Solução 762:
3 4 3
2 1 0
4 3 4

Solução 763:
3 4 3
2 1 2
0 3 0

Solução 764:
3 4 3
2 1 2
0 4 0

Solução 765:
3 4 3
2 1 2
3 0 3

Solução 766:
3 4 3
2 1 2
3 4 3

Solução 767:
3 4 3
2 1 2
4 0 4

Solução 768:
3 4 3
2 1 2
4 3 4

Solução 769:
4 0 4
1 2 1
0 3 0

Solução 770:
4 0 4
1 2 1
0 4 0

Solução 771:
4 0 4
1 2 1
3 0 3

Solução 772:
4 0 4
1 2 1
3 4 3

Solução 773:
4 0 4
1 2 1
4 0 4

Solução 774:
4 0 4
1 2 1
4 3 4

Solução 775:
4 0 4
1 2 3
0 4 0

Solução 776:
4 0 4
1 2 3
4 0 4

Solução 777:
4 0 4
1 3 1
0 2 0

Solução 778:
4 0 4
1 3 1
0 4 0

Solução 779:
4 0 4
1 3 1
2 0 2

Solução 780:
4 0 4
1 3 1
2 4 2

Solução 781:
4 0 4
1 3 1
4 0 4

Solução 782:
4 0 4
1 3 1
4 2 4

Solução 783:
4 0 4
1 3 2
0 4 0

Solução 784:
4 0 4
1 3 2
4 0 4

Solução 785:
4 0 4
2 1 2
0 3 0

Solução 786:
4 0 4
2 1 2
0 4 0

Solução 787:
4 0 4
2 1 2
3 0 3

Solução 788:
4 0 4
2 1 2
3 4 3

Solução 789:
4 0 4
2 1 2
4 0 4

Solução 790:
4 0 4
2 1 2
4 3 4

Solução 791:
4 0 4
2 1 3
0 4 0

Solução 792:
4 0 4
2 1 3
4 0 4

Solução 793:
4 0 4
2 3 1
0 4 0

Solução 794:
4 0 4
2 3 1
4 0 4

Solução 795:
4 0 4
2 3 2
0 1 0

Solução 796:
4 0 4
2 3 2
0 4 0

Solução 797:
4 0 4
2 3 2
1 0 1

Solução 798:
4 0 4
2 3 2
1 4 1

Solução 799:
4 0 4
2 3 2
4 0 4

Solução 800:
4 0 4
2 3 2
4 1 4

Solução 801:
4 0 4
3 1 2
0 4 0

Solução 802:
4 0 4
3 1 2
4 0 4

Solução 803:
4 0 4
3 1 3
0 2 0

Solução 804:
4 0 4
3 1 3
0 4 0

Solução 805:
4 0 4
3 1 3
2 0 2

Solução 806:
4 0 4
3 1 3
2 4 2

Solução 807:
4 0 4
3 1 3
4 0 4

Solução 808:
4 0 4
3 1 3
4 2 4

Solução 809:
4 0 4
3 2 1
0 4 0

Solução 810:
4 0 4
3 2 1
4 0 4

Solução 811:
4 0 4
3 2 3
0 1 0

Solução 812:
4 0 4
3 2 3
0 4 0

Solução 813:
4 0 4
3 2 3
1 0 1

Solução 814:
4 0 4
3 2 3
1 4 1

Solução 815:
4 0 4
3 2 3
4 0 4

Solução 816:
4 0 4
3 2 3
4 1 4

Solução 817:
4 1 4
0 2 0
1 3 1

Solução 818:
4 1 4
0 2 0
1 4 1

Solução 819:
4 1 4
0 2 0
3 1 3

Solução 820:
4 1 4
0 2 0
3 4 3

Solução 821:
4 1 4
0 2 0
4 1 4

Solução 822:
4 1 4
0 2 0
4 3 4

Solução 823:
4 1 4
0 2 3
1 4 1

Solução 824:
4 1 4
0 2 3
4 1 4

Solução 825:
4 1 4
0 3 0
1 2 1

Solução 826:
4 1 4
0 3 0
1 4 1

Solução 827:
4 1 4
0 3 0
2 1 2

Solução 828:
4 1 4
0 3 0
2 4 2

Solução 829:
4 1 4
0 3 0
4 1 4

Solução 830:
4 1 4
0 3 0
4 2 4

Solução 831:
4 1 4
0 3 2
1 4 1

Solução 832:
4 1 4
0 3 2
4 1 4

Solução 833:
4 1 4
2 0 2
1 3 1

Solução 834:
4 1 4
2 0 2
1 4 1

Solução 835:
4 1 4
2 0 2
3 1 3

Solução 836:
4 1 4
2 0 2
3 4 3

Solução 837:
4 1 4
2 0 2
4 1 4

Solução 838:
4 1 4
2 0 2
4 3 4

Solução 839:
4 1 4
2 0 3
1 4 1

Solução 840:
4 1 4
2 0 3
4 1 4

Solução 841:
4 1 4
2 3 0
1 4 1

Solução 842:
4 1 4
2 3 0
4 1 4

Solução 843:
4 1 4
2 3 2
0 1 0

Solução 844:
4 1 4
2 3 2
0 4 0

Solução 845:
4 1 4
2 3 2
1 0 1

Solução 846:
4 1 4
2 3 2
1 4 1

Solução 847:
4 1 4
2 3 2
4 0 4

Solução 848:
4 1 4
2 3 2
4 1 4

Solução 849:
4 1 4
3 0 2
1 4 1

Solução 850:
4 1 4
3 0 2
4 1 4

Solução 851:
4 1 4
3 0 3
1 2 1

Solução 852:
4 1 4
3 0 3
1 4 1

Solução 853:
4 1 4
3 0 3
2 1 2

Solução 854:
4 1 4
3 0 3
2 4 2

Solução 855:
4 1 4
3 0 3
4 1 4

Solução 856:
4 1 4
3 0 3
4 2 4

Solução 857:
4 1 4
3 2 0
1 4 1

Solução 858:
4 1 4
3 2 0
4 1 4

Solução 859:
4 1 4
3 2 3
0 1 0

Solução 860:
4 1 4
3 2 3
0 4 0

Solução 861:
4 1 4
3 2 3
1 0 1

Solução 862:
4 1 4
3 2 3
1 4 1

Solução 863:
4 1 4
3 2 3
4 0 4

Solução 864:
4 1 4
3 2 3
4 1 4

Solução 865:
4 2 4
0 1 0
2 3 2

Solução 866:
4 2 4
0 1 0
2 4 2

Solução 867:
4 2 4
0 1 0
3 2 3

Solução 868:
4 2 4
0 1 0
3 4 3

Solução 869:
4 2 4
0 1 0
4 2 4

Solução 870:
4 2 4
0 1 0
4 3 4

Solução 871:
4 2 4
0 1 3
2 4 2

Solução 872:
4 2 4
0 1 3
4 2 4

Solução 873:
4 2 4
0 3 0
1 2 1

Solução 874:
4 2 4
0 3 0
1 4 1

Solução 875:
4 2 4
0 3 0
2 1 2

Solução 876:
4 2 4
0 3 0
2 4 2

Solução 877:
4 2 4
0 3 0
4 1 4

Solução 878:
4 2 4
0 3 0
4 2 4

Solução 879:
4 2 4
0 3 1
2 4 2

Solução 880:
4 2 4
0 3 1
4 2 4

Solução 881:
4 2 4
1 0 1
2 3 2

Solução 882:
4 2 4
1 0 1
2 4 2

Solução 883:
4 2 4
1 0 1
3 2 3

Solução 884:
4 2 4
1 0 1
3 4 3

Solução 885:
4 2 4
1 0 1
4 2 4

Solução 886:
4 2 4
1 0 1
4 3 4

Solução 887:
4 2 4
1 0 3
2 4 2

Solução 888:
4 2 4
1 0 3
4 2 4

Solução 889:
4 2 4
1 3 0
2 4 2

Solução 890:
4 2 4
1 3 0
4 2 4

Solução 891:
4 2 4
1 3 1
0 2 0

Solução 892:
4 2 4
1 3 1
0 4 0

Solução 893:
4 2 4
1 3 1
2 0 2

Solução 894:
4 2 4
1 3 1
2 4 2

Solução 895:
4 2 4
1 3 1
4 0 4

Solução 896:
4 2 4
1 3 1
4 2 4

Solução 897:
4 2 4
3 0 1
2 4 2

Solução 898:
4 2 4
3 0 1
4 2 4

Solução 899:
4 2 4
3 0 3
1 2 1

Solução 900:
4 2 4
3 0 3
1 4 1

Solução 901:
4 2 4
3 0 3
2 1 2

Solução 902:
4 2 4
3 0 3
2 4 2

Solução 903:
4 2 4
3 0 3
4 1 4

Solução 904:
4 2 4
3 0 3
4 2 4

Solução 905:
4 2 4
3 1 0
2 4 2

Solução 906:
4 2 4
3 1 0
4 2 4

Solução 907:
4 2 4
3 1 3
0 2 0

Solução 908:
4 2 4
3 1 3
0 4 0

Solução 909:
4 2 4
3 1 3
2 0 2

Solução 910:
4 2 4
3 1 3
2 4 2

Solução 911:
4 2 4
3 1 3
4 0 4

Solução 912:
4 2 4
3 1 3
4 2 4

Solução 913:
4 3 4
0 1 0
2 3 2

Solução 914:
4 3 4
0 1 0
2 4 2

Solução 915:
4 3 4
0 1 0
3 2 3

Solução 916:
4 3 4
0 1 0
3 4 3

Solução 917:
4 3 4
0 1 0
4 2 4

Solução 918:
4 3 4
0 1 0
4 3 4

Solução 919:
4 3 4
0 1 2
3 4 3

Solução 920:
4 3 4
0 1 2
4 3 4

Solução 921:
4 3 4
0 2 0
1 3 1

Solução 922:
4 3 4
0 2 0
1 4 1

Solução 923:
4 3 4
0 2 0
3 1 3

Solução 924:
4 3 4
0 2 0
3 4 3

Solução 925:
4 3 4
0 2 0
4 1 4

Solução 926:
4 3 4
0 2 0
4 3 4

Solução 927:
4 3 4
0 2 1
3 4 3

Solução 928:
4 3 4
0 2 1
4 3 4

Solução 929:
4 3 4
1 0 1
2 3 2

Solução 930:
4 3 4
1 0 1
2 4 2

Solução 931:
4 3 4
1 0 1
3 2 3

Solução 932:
4 3 4
1 0 1
3 4 3

Solução 933:
4 3 4
1 0 1
4 2 4

Solução 934:
4 3 4
1 0 1
4 3 4

Solução 935:
4 3 4
1 0 2
3 4 3

Solução 936:
4 3 4
1 0 2
4 3 4

Solução 937:
4 3 4
1 2 0
3 4 3

Solução 938:
4 3 4
1 2 0
4 3 4

Solução 939:
4 3 4
1 2 1
0 3 0

Solução 940:
4 3 4
1 2 1
0 4 0

Solução 941:
4 3 4
1 2 1
3 0 3

Solução 942:
4 3 4
1 2 1
3 4 3

Solução 943:
4 3 4
1 2 1
4 0 4

Solução 944:
4 3 4
1 2 1
4 3 4

Solução 945:
4 3 4
2 0 1
3 4 3

Solução 946:
4 3 4
2 0 1
4 3 4

Solução 947:
4 3 4
2 0 2
1 3 1

Solução 948:
4 3 4
2 0 2
1 4 1

Solução 949:
4 3 4
2 0 2
3 1 3

Solução 950:
4 3 4
2 0 2
3 4 3

Solução 951:
4 3 4
2 0 2
4 1 4

Solução 952:
4 3 4
2 0 2
4 3 4

Solução 953:
4 3 4
2 1 0
3 4 3

Solução 954:
4 3 4
2 1 0
4 3 4

Solução 955:
4 3 4
2 1 2
0 3 0

Solução 956:
4 3 4
2 1 2
0 4 0

Solução 957:
4 3 4
2 1 2
3 0 3

Solução 958:
4 3 4
2 1 2
3 4 3

Solução 959:
4 3 4
2 1 2
4 0 4

Solução 960:
4 3 4
2 1 2
4 3 4
